# SSW Energy Curve
# Step Energy(eV)
   0   174.861935
   1  -605.042507
   2  -605.562686
   3  -606.834972
   4  -606.833069
   5  -606.841348
   6  -607.118489
   7  -607.430243
   8  -607.434620
   9  -607.405954
  10  -607.420298
  11  -607.417766
  12  -607.418524
  13  -607.860841
  14  -607.880933
  15  -607.886331
  16  -608.097260
  17  -608.095364
  18  -608.082463
  19  -608.101292
  20  -608.103991
  21  -608.097519
  22  -608.098776
  23  -608.104707
  24  -608.099000
  25  -608.093130
  26  -608.098413
  27  -608.101036
  28  -608.093452
  29  -608.098754
  30  -609.009640
  31  -609.003377
  32  -608.966663
  33  -608.967176
  34  -609.956762
  35  -610.762462
  36  -610.781567
  37  -610.787642
  38  -611.123012
  39  -611.125510
  40  -611.119674
  41  -611.120030
  42  -611.117343
  43  -611.117115
  44  -611.113885
  45  -611.115422
  46  -611.120778
  47  -611.107672
  48  -611.118459
  49  -611.116715
  50  -611.110633
  51  -611.124681
  52  -611.121488
  53  -611.122531
  54  -611.123075
  55  -611.115224
  56  -611.118981
  57  -611.121596
  58  -611.114402
  59  -611.116242
  60  -611.121932
  61  -611.121517
  62  -611.122692
  63  -611.105754
  64  -611.121748
  65  -611.116871
  66  -611.118910
  67  -611.119466
  68  -611.117756
  69  -611.113520
  70  -611.123244
  71  -611.120706
  72  -611.117230
  73  -611.124240
  74  -611.122666
  75  -611.118776
  76  -611.119901
  77  -611.117616
  78  -611.121314
  79  -611.120663
  80  -611.122004
  81  -611.118166
  82  -611.117122
  83  -611.118564
  84  -611.123957
  85  -611.111950
  86  -611.120523
  87  -611.115901
  88  -611.118457
  89  -611.099439
  90  -611.114963
  91  -611.119460
  92  -611.127710
  93  -611.124928
  94  -611.123661
  95  -611.123368
  96  -611.122470
  97  -611.123796
  98  -611.106682
  99  -611.118077
 100  -611.118418
 101  -611.120151
 102  -611.117017
 103  -611.117394
 104  -611.118896
 105  -611.124885
 106  -611.119662
 107  -611.124844
 108  -611.121965
 109  -611.115569
 110  -611.113779
 111  -611.112137
 112  -611.119174
 113  -611.121189
 114  -611.119219
 115  -611.118747
 116  -611.115647
 117  -611.114027
 118  -611.118858
 119  -611.121189
 120  -611.123303
 121  -611.111883
 122  -611.114133
 123  -611.113040
 124  -611.110291
 125  -611.121159
 126  -611.117521
 127  -611.118638
 128  -611.111576
 129  -611.112654
 130  -611.118488
 131  -611.113940
 132  -611.122354
 133  -611.125080
 134  -611.122849
 135  -611.110593
 136  -611.117240
 137  -611.115401
 138  -611.116432
 139  -611.112862
 140  -611.109788
 141  -611.122573
 142  -611.117345
 143  -611.118001
 144  -611.119385

# LS-SSW Energy Curve
# Step Energy(eV)
   0   174.861935
   1  -609.330111
   2  -609.331069
   3  -609.327536
   4  -609.333883
   5  -609.532219
   6  -609.540126
   7  -609.680259
   8  -609.680420
   9  -609.680551
  10  -609.684954
  11  -609.699089
  12  -610.198529
  13  -610.209413
  14  -610.209254
  15  -610.207732
  16  -610.204039
  17  -610.218370
  18  -610.202970
  19  -610.213795
  20  -610.208342
  21  -610.218578
  22  -610.214819
  23  -610.213832
  24  -610.209093
  25  -610.213675
  26  -610.211479
  27  -610.212408
  28  -610.209064
  29  -610.216278
  30  -610.194860
  31  -610.198314
  32  -610.202045
  33  -610.213498
  34  -610.217809
  35  -610.210740
  36  -610.215127
  37  -610.214517
  38  -610.215219
  39  -610.213198
  40  -610.221194
  41  -610.220382
  42  -610.213816
  43  -610.212247
  44  -610.220753
  45  -610.226190
  46  -610.218639
  47  -610.209563
  48  -610.206320
  49  -610.211846
  50  -610.212594
  51  -610.212802
  52  -610.204714
  53  -610.219307
  54  -610.208417
  55  -610.204144
  56  -610.216161
  57  -610.215455
  58  -610.210961
  59  -610.210479
  60  -610.198546
  61  -610.212231
  62  -610.211940
  63  -610.209105
  64  -610.210159
  65  -610.207899
  66  -610.211845
  67  -610.211570
  68  -610.212915
  69  -610.209747
  70  -610.207204
  71  -610.209235
  72  -610.207391
  73  -610.210444
  74  -610.204280
  75  -610.205056
  76  -610.211510
  77  -610.216308
  78  -610.206110
  79  -610.213376
  80  -610.208079
  81  -610.209823
  82  -610.211589
  83  -610.208694
  84  -610.204489
  85  -610.212722
  86  -610.213389
  87  -610.215885
  88  -610.217951
  89  -610.202311
  90  -610.220400
  91  -610.203974
  92  -610.217062
  93  -610.211218
  94  -610.216134
  95  -610.208485
  96  -610.572924
  97  -610.584106
  98  -610.575413
  99  -610.579892
 100  -610.562278
 101  -610.559531
 102  -610.571106
 103  -610.562212
 104  -610.572965
 105  -610.558290
 106  -610.574317
 107  -610.641015
 108  -610.647131
 109  -610.641600
 110  -610.699326
 111  -610.696117
 112  -610.692708
 113  -610.697381
 114  -610.708511
 115  -610.698864
 116  -610.699106
 117  -610.767689
 118  -610.760706
 119  -610.774454
 120  -610.773974
 121  -610.770092
 122  -610.758797
 123  -610.750117
 124  -610.759596
 125  -610.750840
 126  -610.751388
 127  -610.742791
 128  -610.751636
 129  -610.751842
 130  -610.756293
 131  -610.753742
 132  -610.753242
 133  -610.751095
 134  -611.408881
 135  -611.419400
 136  -611.426618
 137  -611.428707
 138  -611.425689
 139  -611.422068
 140  -611.432000
 141  -611.469047
 142  -611.461830
 143  -611.463191
 144  -611.467256
 145  -611.473892
 146  -611.469252
 147  -611.465489
 148  -611.464617
 149  -611.468674
 150  -611.472189
 151  -611.644939
 152  -611.643979
 153  -611.642255
 154  -611.647159
 155  -611.647602
 156  -611.640270
 157  -611.647568
 158  -611.647952
